300
0 1 90
0 20 90
1 2 90
1 21 90
2 3 90
2 22 90
3 4 90
3 23 90
4 5 90
4 24 90
5 6 90
5 25 90
6 7 90
6 26 90
7 8 90
7 27 90
8 9 90
8 28 90
9 10 90
9 29 90
10 11 90
10 30 90
11 12 90
11 31 90
12 13 90
12 32 90
13 14 90
13 33 90
14 15 90
14 34 90
15 16 90
15 35 90
16 17 90
16 36 90
17 18 90
17 37 90
18 19 90
18 38 90
20 21 90
20 40 90
21 22 90
21 41 90
22 23 90
22 42 90
23 24 90
23 43 90
24 25 90
24 44 90
25 26 90
25 45 90
26 27 90
26 46 90
27 28 90
27 47 90
28 29 90
28 48 90
29 30 90
29 49 90
30 31 90
30 50 90
31 32 90
31 51 90
32 33 90
32 52 90
33 34 90
33 53 90
34 35 90
34 54 90
35 36 90
35 55 90
36 37 90
36 56 90
37 38 90
37 57 90
38 39 90
38 58 90
40 41 90
40 60 90
41 42 90
41 61 90
42 43 90
42 62 90
43 44 90
43 63 90
44 45 90
44 64 90
45 46 90
45 65 90
46 47 90
46 66 90
47 48 90
47 67 90
48 49 90
48 68 90
49 50 90
49 69 90
50 51 90
50 70 90
51 52 90
51 71 90
52 53 90
52 72 90
53 54 90
53 73 90
54 55 90
54 74 90
55 56 90
55 75 90
56 57 90
56 76 90
57 58 90
57 77 90
58 59 90
58 78 90
60 61 90
60 80 90
61 62 90
61 81 90
62 63 90
62 82 90
63 64 90
63 83 90
64 65 90
64 84 90
65 66 90
65 85 90
66 67 90
66 86 90
67 68 90
67 87 90
68 69 90
68 88 90
69 70 90
69 89 90
70 71 90
70 90 90
71 72 90
71 91 90
72 73 90
72 92 90
73 74 90
73 93 90
74 75 90
74 94 90
75 76 90
75 95 90
76 77 90
76 96 90
77 78 90
77 97 90
78 79 90
78 98 90
80 81 90
80 100 90
81 82 90
81 101 90
82 83 90
82 102 90
83 84 90
83 103 90
84 85 90
84 104 90
85 86 90
85 105 90
86 87 90
86 106 90
87 88 90
87 107 90
88 89 90
88 108 90
89 90 90
89 109 90
90 91 90
90 110 90
91 92 90
91 111 90
92 93 90
92 112 90
93 94 90
93 113 90
94 95 90
94 114 90
95 96 90
95 115 90
96 97 90
96 116 90
97 98 90
97 117 90
98 99 90
98 118 90
100 101 90
100 120 90
101 102 90
101 121 90
102 103 90
102 122 90
103 104 90
103 123 90
104 105 90
104 124 90
105 106 90
105 125 90
106 107 90
106 126 90
107 108 90
107 127 90
108 109 90
108 128 90
109 110 90
109 129 90
110 111 90
110 130 90
111 112 90
111 131 90
112 113 90
112 132 90
113 114 90
113 133 90
114 115 90
114 134 90
115 116 90
115 135 90
116 117 90
116 136 90
117 118 90
117 137 90
118 119 90
118 138 90
120 121 90
120 140 90
121 122 90
121 141 90
122 123 90
122 142 90
123 124 90
123 143 90
124 125 90
124 144 90
125 126 90
125 145 90
126 127 90
126 146 90
127 128 90
127 147 90
128 129 90
128 148 90
129 130 90
129 149 90
130 131 90
130 150 90
131 132 90
131 151 90
132 133 90
132 152 90
133 134 90
133 153 90
134 135 90
134 154 90
135 136 90
135 155 90
136 137 90
136 156 90
137 138 90
137 157 90
138 139 90
138 158 90
140 141 90
140 160 90
141 142 90
141 161 90
142 143 90
142 162 90
143 144 90
143 163 90
144 145 90
144 164 90
145 146 90
145 165 90
146 147 90
146 166 90
147 148 90
147 167 90
148 149 90
148 168 90
149 150 90
149 169 90
150 151 90
150 170 90
151 152 90
151 171 90
152 153 90
152 172 90
153 154 90
153 173 90
154 155 90
154 174 90
155 156 90
155 175 90
156 157 90
156 176 90
157 158 90
157 177 90
158 159 90
158 178 90
160 161 90
160 180 90
161 162 90
161 181 90
162 163 90
162 182 90
163 164 90
163 183 90
164 165 90
164 184 90
165 166 90
165 185 90
166 167 90
166 186 90
167 168 90
167 187 90
168 169 90
168 188 90
169 170 90
169 189 90
170 171 90
170 190 90
171 172 90
171 191 90
172 173 90
172 192 90
173 174 90
173 193 90
174 175 90
174 194 90
175 176 90
175 195 90
176 177 90
176 196 90
177 178 90
177 197 90
178 179 90
178 198 90
180 181 90
180 200 90
181 182 90
181 201 90
182 183 90
182 202 90
183 184 90
183 203 90
184 185 90
184 204 90
185 186 90
185 205 90
186 187 90
186 206 90
187 188 90
187 207 90
188 189 90
188 208 90
189 190 90
189 209 90
190 191 90
190 210 90
191 192 90
191 211 90
192 193 90
192 212 90
193 194 90
193 213 90
194 195 90
194 214 90
195 196 90
195 215 90
196 197 90
196 216 90
197 198 90
197 217 90
198 199 90
198 218 90
200 201 90
200 220 90
201 202 90
201 221 90
202 203 90
202 222 90
203 204 90
203 223 90
204 205 90
204 224 90
205 206 90
205 225 90
206 207 90
206 226 90
207 208 90
207 227 90
208 209 90
208 228 90
209 210 90
209 229 90
210 211 90
210 230 90
211 212 90
211 231 90
212 213 90
212 232 90
213 214 90
213 233 90
214 215 90
214 234 90
215 216 90
215 235 90
216 217 90
216 236 90
217 218 90
217 237 90
218 219 90
218 238 90
220 221 90
220 240 90
221 222 90
221 241 90
222 223 90
222 242 90
223 224 90
223 243 90
224 225 90
224 244 90
225 226 90
225 245 90
226 227 90
226 246 90
227 228 90
227 247 90
228 229 90
228 248 90
229 230 90
229 249 90
230 231 90
230 250 90
231 232 90
231 251 90
232 233 90
232 252 90
233 234 90
233 253 90
234 235 90
234 254 90
235 236 90
235 255 90
236 237 90
236 256 90
237 238 90
237 257 90
238 239 90
238 258 90
240 241 90
240 260 90
241 242 90
241 261 90
242 243 90
242 262 90
243 244 90
243 263 90
244 245 90
244 264 90
245 246 90
245 265 90
246 247 90
246 266 90
247 248 90
247 267 90
248 249 90
248 268 90
249 250 90
249 269 90
250 251 90
250 270 90
251 252 90
251 271 90
252 253 90
252 272 90
253 254 90
253 273 90
254 255 90
254 274 90
255 256 90
255 275 90
256 257 90
256 276 90
257 258 90
257 277 90
258 259 90
258 278 90
260 261 90
260 280 90
261 262 90
261 281 90
262 263 90
262 282 90
263 264 90
263 283 90
264 265 90
264 284 90
265 266 90
265 285 90
266 267 90
266 286 90
267 268 90
267 287 90
268 269 90
268 288 90
269 270 90
269 289 90
270 271 90
270 290 90
271 272 90
271 291 90
272 273 90
272 292 90
273 274 90
273 293 90
274 275 90
274 294 90
275 276 90
275 295 90
276 277 90
276 296 90
277 278 90
277 297 90
278 279 90
278 298 90
280 281 90
281 282 90
282 283 90
283 284 90
284 285 90
285 286 90
286 287 90
287 288 90
288 289 90
289 290 90
290 291 90
291 292 90
292 293 90
293 294 90
294 295 90
295 296 90
296 297 90
297 298 90
298 299 90
19 39 90
39 59 90
59 79 90
79 99 90
99 119 90
119 139 90
139 159 90
159 179 90
179 199 90
199 219 90
219 239 90
239 259 90
259 279 90
279 299 90