25 5 120
25 56 240
25 60 360
25 65 510
25 21 600
25 146 120
25 125 210
25 105 300
25 158 480
25 113 540
25 164 690
25 216 180
25 221 270
25 224 360
25 206 540
25 232 600
25 237 750
25 312 240
25 293 330
25 297 450
25 326 630
25 330 750
25 309 810
25 408 330
25 414 450
25 441 570
25 396 600
25 450 840
25 454 960
25 530 420
25 509 480
25 489 600
25 494 750
25 521 870
25 525 990
25 578 450
25 605 570
25 634 720
25 589 780
25 594 930
25 598 1050
25 697 510
25 676 570
25 681 750
25 684 840
25 712 960
25 742 1170
25 792 600
25 798 720
25 800 810
25 829 960
25 833 1080
25 788 1140
25 865 630
25 894 810
25 874 900
25 901 1020
25 928 1140
25 932 1260
5 56 120
5 60 240
5 65 390
5 21 480
5 146 180
5 125 90
5 105 180
5 158 360
5 113 420
5 164 570
5 216 300
5 221 150
5 224 240
5 206 420
5 232 480
5 237 630
5 312 360
5 293 210
5 297 330
5 326 510
5 330 630
5 309 690
5 408 450
5 414 330
5 441 450
5 396 480
5 450 720
5 454 840
5 530 480
5 509 360
5 489 480
5 494 630
5 521 750
5 525 870
5 578 510
5 605 450
5 634 600
5 589 660
5 594 810
5 598 930
5 697 630
5 676 510
5 681 630
5 684 720
5 712 840
5 742 1050
5 792 720
5 798 600
5 800 690
5 829 840
5 833 960
5 788 1020
5 865 750
5 894 690
5 874 780
5 901 900
5 928 1020
5 932 1140
56 60 120
56 65 270
56 21 420
56 146 240
56 125 150
56 105 60
56 158 240
56 113 300
56 164 450
56 216 360
56 221 210
56 224 120
56 206 300
56 232 360
56 237 510
56 312 420
56 293 270
56 297 210
56 326 390
56 330 510
56 309 570
56 408 510
56 414 330
56 441 330
56 396 360
56 450 600
56 454 720
56 530 540
56 509 420
56 489 360
56 494 510
56 521 630
56 525 750
56 578 570
56 605 510
56 634 480
56 589 540
56 594 690
56 598 810
56 697 690
56 676 570
56 681 510
56 684 600
56 712 720
56 742 930
56 792 780
56 798 600
56 800 570
56 829 720
56 833 840
56 788 900
56 865 810
56 894 690
56 874 660
56 901 780
56 928 900
56 932 1020
60 65 150
60 21 300
60 146 360
60 125 270
60 105 120
60 158 120
60 113 180
60 164 330
60 216 480
60 221 330
60 224 240
60 206 180
60 232 240
60 237 390
60 312 540
60 293 390
60 297 270
60 326 270
60 330 390
60 309 450
60 408 630
60 414 450
60 441 390
60 396 240
60 450 480
60 454 600
60 530 660
60 509 540
60 489 420
60 494 390
60 521 510
60 525 630
60 578 690
60 605 630
60 634 480
60 589 420
60 594 570
60 598 690
60 697 810
60 676 690
60 681 570
60 684 480
60 712 600
60 742 810
60 792 900
60 798 720
60 800 690
60 829 600
60 833 720
60 788 780
60 865 930
60 894 810
60 874 660
60 901 660
60 928 780
60 932 900
65 21 150
65 146 510
65 125 420
65 105 270
65 158 150
65 113 30
65 164 180
65 216 630
65 221 480
65 224 390
65 206 210
65 232 150
65 237 240
65 312 690
65 293 540
65 297 420
65 326 300
65 330 240
65 309 300
65 408 780
65 414 600
65 441 540
65 396 390
65 450 330
65 454 450
65 530 810
65 509 690
65 489 570
65 494 420
65 521 360
65 525 480
65 578 840
65 605 780
65 634 630
65 589 510
65 594 420
65 598 540
65 697 960
65 676 840
65 681 720
65 684 630
65 712 510
65 742 660
65 792 1050
65 798 870
65 800 840
65 829 690
65 833 570
65 788 630
65 865 1080
65 894 960
65 874 810
65 901 750
65 928 690
65 932 750
21 146 660
21 125 570
21 105 420
21 158 300
21 113 180
21 164 150
21 216 780
21 221 630
21 224 540
21 206 360
21 232 300
21 237 150
21 312 840
21 293 690
21 297 570
21 326 450
21 330 330
21 309 210
21 408 930
21 414 750
21 441 690
21 396 540
21 450 420
21 454 360
21 530 960
21 509 840
21 489 720
21 494 570
21 521 510
21 525 390
21 578 990
21 605 930
21 634 780
21 589 660
21 594 510
21 598 450
21 697 1110
21 676 990
21 681 870
21 684 780
21 712 660
21 742 570
21 792 1200
21 798 1020
21 800 990
21 829 840
21 833 720
21 788 600
21 865 1230
21 894 1110
21 874 960
21 901 900
21 928 840
21 932 720
146 125 90
146 105 240
146 158 360
146 113 480
146 164 570
146 216 120
146 221 150
146 224 240
146 206 420
146 232 480
146 237 630
146 312 180
146 293 210
146 297 330
146 326 510
146 330 630
146 309 690
146 408 270
146 414 330
146 441 450
146 396 480
146 450 720
146 454 840
146 530 300
146 509 360
146 489 480
146 494 630
146 521 750
146 525 870
146 578 330
146 605 450
146 634 600
146 589 660
146 594 810
146 598 930
146 697 450
146 676 450
146 681 630
146 684 720
146 712 840
146 742 1050
146 792 540
146 798 600
146 800 690
146 829 840
146 833 960
146 788 1020
146 865 570
146 894 690
146 874 780
146 901 900
146 928 1020
146 932 1140
125 105 150
125 158 270
125 113 390
125 164 480
125 216 210
125 221 60
125 224 150
125 206 330
125 232 390
125 237 540
125 312 270
125 293 120
125 297 240
125 326 420
125 330 540
125 309 600
125 408 360
125 414 240
125 441 360
125 396 390
125 450 630
125 454 750
125 530 390
125 509 270
125 489 390
125 494 540
125 521 660
125 525 780
125 578 420
125 605 360
125 634 510
125 589 570
125 594 720
125 598 840
125 697 540
125 676 420
125 681 540
125 684 630
125 712 750
125 742 960
125 792 630
125 798 510
125 800 600
125 829 750
125 833 870
125 788 930
125 865 660
125 894 600
125 874 690
125 901 810
125 928 930
125 932 1050
105 158 180
105 113 240
105 164 390
105 216 360
105 221 210
105 224 120
105 206 240
105 232 300
105 237 450
105 312 420
105 293 270
105 297 150
105 326 330
105 330 450
105 309 510
105 408 510
105 414 330
105 441 270
105 396 300
105 450 540
105 454 660
105 530 540
105 509 420
105 489 300
105 494 450
105 521 570
105 525 690
105 578 570
105 605 510
105 634 420
105 589 480
105 594 630
105 598 750
105 697 690
105 676 570
105 681 450
105 684 540
105 712 660
105 742 870
105 792 780
105 798 600
105 800 570
105 829 660
105 833 780
105 788 840
105 865 810
105 894 690
105 874 600
105 901 720
105 928 840
105 932 960
158 113 120
158 164 210
158 216 480
158 221 330
158 224 240
158 206 60
158 232 120
158 237 270
158 312 540
158 293 390
158 297 270
158 326 150
158 330 270
158 309 330
158 408 630
158 414 450
158 441 390
158 396 240
158 450 360
158 454 480
158 530 660
158 509 540
158 489 420
158 494 270
158 521 390
158 525 510
158 578 690
158 605 630
158 634 480
158 589 360
158 594 450
158 598 570
158 697 810
158 676 690
158 681 570
158 684 480
158 712 480
158 742 690
158 792 900
158 798 720
158 800 690
158 829 540
158 833 600
158 788 660
158 865 930
158 894 810
158 874 660
158 901 600
158 928 660
158 932 780
113 164 150
113 216 600
113 221 450
113 224 360
113 206 180
113 232 120
113 237 210
113 312 660
113 293 510
113 297 390
113 326 270
113 330 210
113 309 270
113 408 750
113 414 570
113 441 510
113 396 360
113 450 300
113 454 420
113 530 780
113 509 660
113 489 540
113 494 390
113 521 330
113 525 450
113 578 810
113 605 750
113 634 600
113 589 480
113 594 390
113 598 510
113 697 930
113 676 810
113 681 690
113 684 600
113 712 480
113 742 630
113 792 1020
113 798 840
113 800 810
113 829 660
113 833 540
113 788 600
113 865 1050
113 894 930
113 874 780
113 901 720
113 928 660
113 932 720
164 216 630
164 221 480
164 224 390
164 206 210
164 232 150
164 237 60
164 312 690
164 293 540
164 297 420
164 326 300
164 330 180
164 309 120
164 408 780
164 414 600
164 441 540
164 396 390
164 450 270
164 454 270
164 530 810
164 509 690
164 489 570
164 494 420
164 521 360
164 525 300
164 578 840
164 605 780
164 634 630
164 589 510
164 594 360
164 598 360
164 697 960
164 676 840
164 681 720
164 684 630
164 712 510
164 742 480
164 792 1050
164 798 870
164 800 840
164 829 690
164 833 570
164 788 450
164 865 1080
164 894 960
164 874 810
164 901 750
164 928 690
164 932 570
216 221 150
216 224 240
216 206 420
216 232 480
216 237 630
216 312 60
216 293 210
216 297 330
216 326 510
216 330 630
216 309 690
216 408 150
216 414 330
216 441 450
216 396 480
216 450 720
216 454 840
216 530 300
216 509 360
216 489 480
216 494 630
216 521 750
216 525 870
216 578 330
216 605 450
216 634 600
216 589 660
216 594 810
216 598 930
216 697 390
216 676 450
216 681 630
216 684 720
216 712 840
216 742 1050
216 792 420
216 798 600
216 800 690
216 829 840
216 833 960
216 788 1020
216 865 510
216 894 690
216 874 780
216 901 900
216 928 1020
216 932 1140
221 224 90
221 206 270
221 232 330
221 237 480
221 312 210
221 293 60
221 297 180
221 326 360
221 330 480
221 309 540
221 408 300
221 414 180
221 441 300
221 396 330
221 450 570
221 454 690
221 530 330
221 509 210
221 489 330
221 494 480
221 521 600
221 525 720
221 578 360
221 605 300
221 634 450
221 589 510
221 594 660
221 598 780
221 697 480
221 676 360
221 681 480
221 684 570
221 712 690
221 742 900
221 792 570
221 798 450
221 800 540
221 829 690
221 833 810
221 788 870
221 865 600
221 894 540
221 874 630
221 901 750
221 928 870
221 932 990
224 206 180
224 232 240
224 237 390
224 312 300
224 293 150
224 297 90
224 326 270
224 330 390
224 309 450
224 408 390
224 414 210
224 441 210
224 396 240
224 450 480
224 454 600
224 530 420
224 509 300
224 489 240
224 494 390
224 521 510
224 525 630
224 578 450
224 605 390
224 634 360
224 589 420
224 594 570
224 598 690
224 697 570
224 676 450
224 681 390
224 684 480
224 712 600
224 742 810
224 792 660
224 798 480
224 800 450
224 829 600
224 833 720
224 788 780
224 865 690
224 894 570
224 874 540
224 901 660
224 928 780
224 932 900
206 232 60
206 237 210
206 312 480
206 293 330
206 297 210
206 326 90
206 330 210
206 309 270
206 408 570
206 414 390
206 441 330
206 396 180
206 450 300
206 454 420
206 530 600
206 509 480
206 489 360
206 494 210
206 521 330
206 525 450
206 578 630
206 605 570
206 634 420
206 589 300
206 594 390
206 598 510
206 697 750
206 676 630
206 681 510
206 684 420
206 712 420
206 742 630
206 792 840
206 798 660
206 800 630
206 829 480
206 833 540
206 788 600
206 865 870
206 894 750
206 874 600
206 901 540
206 928 600
206 932 720
232 237 150
232 312 540
232 293 390
232 297 270
232 326 150
232 330 150
232 309 210
232 408 630
232 414 450
232 441 390
232 396 240
232 450 240
232 454 360
232 530 660
232 509 540
232 489 420
232 494 270
232 521 270
232 525 390
232 578 690
232 605 630
232 634 480
232 589 360
232 594 330
232 598 450
232 697 810
232 676 690
232 681 570
232 684 480
232 712 360
232 742 570
232 792 900
232 798 720
232 800 690
232 829 540
232 833 480
232 788 540
232 865 930
232 894 810
232 874 660
232 901 600
232 928 540
232 932 660
237 312 690
237 293 540
237 297 420
237 326 300
237 330 180
237 309 60
237 408 780
237 414 600
237 441 540
237 396 390
237 450 270
237 454 210
237 530 810
237 509 690
237 489 570
237 494 420
237 521 360
237 525 240
237 578 840
237 605 780
237 634 630
237 589 510
237 594 360
237 598 300
237 697 960
237 676 840
237 681 720
237 684 630
237 712 510
237 742 420
237 792 1050
237 798 870
237 800 840
237 829 690
237 833 570
237 788 450
237 865 1080
237 894 960
237 874 810
237 901 750
237 928 690
237 932 570
312 293 150
312 297 270
312 326 450
312 330 570
312 309 630
312 408 90
312 414 270
312 441 390
312 396 420
312 450 660
312 454 780
312 530 240
312 509 300
312 489 420
312 494 570
312 521 690
312 525 810
312 578 270
312 605 390
312 634 540
312 589 600
312 594 750
312 598 870
312 697 330
312 676 390
312 681 570
312 684 660
312 712 780
312 742 990
312 792 360
312 798 540
312 800 630
312 829 780
312 833 900
312 788 960
312 865 450
312 894 630
312 874 720
312 901 840
312 928 960
312 932 1080
293 297 120
293 326 300
293 330 420
293 309 480
293 408 240
293 414 120
293 441 240
293 396 270
293 450 510
293 454 630
293 530 270
293 509 150
293 489 270
293 494 420
293 521 540
293 525 660
293 578 300
293 605 240
293 634 390
293 589 450
293 594 600
293 598 720
293 697 420
293 676 300
293 681 420
293 684 510
293 712 630
293 742 840
293 792 510
293 798 390
293 800 480
293 829 630
293 833 750
293 788 810
293 865 540
293 894 480
293 874 570
293 901 690
293 928 810
293 932 930
297 326 180
297 330 300
297 309 360
297 408 360
297 414 180
297 441 120
297 396 150
297 450 390
297 454 510
297 530 390
297 509 270
297 489 150
297 494 300
297 521 420
297 525 540
297 578 420
297 605 360
297 634 270
297 589 330
297 594 480
297 598 600
297 697 540
297 676 420
297 681 300
297 684 390
297 712 510
297 742 720
297 792 630
297 798 450
297 800 420
297 829 510
297 833 630
297 788 690
297 865 660
297 894 540
297 874 450
297 901 570
297 928 690
297 932 810
326 330 120
326 309 240
326 408 480
326 414 300
326 441 240
326 396 90
326 450 210
326 454 330
326 530 510
326 509 390
326 489 270
326 494 120
326 521 240
326 525 360
326 578 540
326 605 480
326 634 330
326 589 210
326 594 300
326 598 420
326 697 660
326 676 540
326 681 420
326 684 330
326 712 330
326 742 540
326 792 750
326 798 570
326 800 540
326 829 390
326 833 450
326 788 510
326 865 780
326 894 660
326 874 510
326 901 450
326 928 510
326 932 630
330 309 120
330 408 600
330 414 420
330 441 360
330 396 210
330 450 90
330 454 210
330 530 630
330 509 510
330 489 390
330 494 240
330 521 180
330 525 240
330 578 660
330 605 600
330 634 450
330 589 330
330 594 180
330 598 300
330 697 780
330 676 660
330 681 540
330 684 450
330 712 330
330 742 420
330 792 870
330 798 690
330 800 660
330 829 510
330 833 390
330 788 390
330 865 900
330 894 780
330 874 630
330 901 570
330 928 510
330 932 510
309 408 720
309 414 540
309 441 480
309 396 330
309 450 210
309 454 150
309 530 750
309 509 630
309 489 510
309 494 360
309 521 300
309 525 180
309 578 780
309 605 720
309 634 570
309 589 450
309 594 300
309 598 240
309 697 900
309 676 780
309 681 660
309 684 570
309 712 450
309 742 360
309 792 990
309 798 810
309 800 780
309 829 630
309 833 510
309 788 390
309 865 1020
309 894 900
309 874 750
309 901 690
309 928 630
309 932 510
408 414 180
408 441 300
408 396 390
408 450 570
408 454 690
408 530 150
408 509 210
408 489 330
408 494 480
408 521 600
408 525 720
408 578 180
408 605 300
408 634 450
408 589 510
408 594 660
408 598 780
408 697 240
408 676 300
408 681 480
408 684 570
408 712 690
408 742 900
408 792 270
408 798 450
408 800 540
408 829 690
408 833 810
408 788 870
408 865 360
408 894 540
408 874 630
408 901 750
408 928 870
408 932 990
414 441 120
414 396 210
414 450 390
414 454 510
414 530 210
414 509 90
414 489 150
414 494 300
414 521 420
414 525 540
414 578 240
414 605 180
414 634 270
414 589 330
414 594 480
414 598 600
414 697 360
414 676 240
414 681 300
414 684 390
414 712 510
414 742 720
414 792 450
414 798 270
414 800 360
414 829 510
414 833 630
414 788 690
414 865 480
414 894 360
414 874 450
414 901 570
414 928 690
414 932 810
441 396 150
441 450 270
441 454 390
441 530 270
441 509 150
441 489 30
441 494 180
441 521 300
441 525 420
441 578 300
441 605 240
441 634 150
441 589 210
441 594 360
441 598 480
441 697 420
441 676 300
441 681 180
441 684 270
441 712 390
441 742 600
441 792 510
441 798 330
441 800 300
441 829 390
441 833 510
441 788 570
441 865 540
441 894 420
441 874 330
441 901 450
441 928 570
441 932 690
396 450 240
396 454 360
396 530 420
396 509 300
396 489 180
396 494 150
396 521 270
396 525 390
396 578 450
396 605 390
396 634 240
396 589 180
396 594 330
396 598 450
396 697 570
396 676 450
396 681 330
396 684 240
396 712 360
396 742 570
396 792 660
396 798 480
396 800 450
396 829 360
396 833 480
396 788 540
396 865 690
396 894 570
396 874 420
396 901 420
396 928 540
396 932 660
450 454 120
450 530 540
450 509 420
450 489 300
450 494 150
450 521 90
450 525 150
450 578 570
450 605 510
450 634 360
450 589 240
450 594 90
450 598 210
450 697 690
450 676 570
450 681 450
450 684 360
450 712 240
450 742 330
450 792 780
450 798 600
450 800 570
450 829 420
450 833 300
450 788 300
450 865 810
450 894 690
450 874 540
450 901 480
450 928 420
450 932 420
454 530 660
454 509 540
454 489 420
454 494 270
454 521 210
454 525 90
454 578 690
454 605 630
454 634 480
454 589 360
454 594 210
454 598 90
454 697 810
454 676 690
454 681 570
454 684 480
454 712 360
454 742 210
454 792 900
454 798 720
454 800 690
454 829 540
454 833 420
454 788 300
454 865 930
454 894 810
454 874 660
454 901 600
454 928 540
454 932 420
530 509 120
530 489 240
530 494 390
530 521 450
530 525 570
530 578 30
530 605 150
530 634 300
530 589 360
530 594 510
530 598 630
530 697 150
530 676 150
530 681 330
530 684 420
530 712 540
530 742 750
530 792 240
530 798 300
530 800 390
530 829 540
530 833 660
530 788 720
530 865 270
530 894 390
530 874 480
530 901 600
530 928 720
530 932 840
509 489 120
509 494 270
509 521 390
509 525 510
509 578 150
509 605 90
509 634 240
509 589 300
509 594 450
509 598 570
509 697 270
509 676 150
509 681 270
509 684 360
509 712 480
509 742 690
509 792 360
509 798 240
509 800 330
509 829 480
509 833 600
509 788 660
509 865 390
509 894 330
509 874 420
509 901 540
509 928 660
509 932 780
489 494 150
489 521 270
489 525 390
489 578 270
489 605 210
489 634 120
489 589 180
489 594 330
489 598 450
489 697 390
489 676 270
489 681 150
489 684 240
489 712 360
489 742 570
489 792 480
489 798 300
489 800 270
489 829 360
489 833 480
489 788 540
489 865 510
489 894 390
489 874 300
489 901 420
489 928 540
489 932 660
494 521 120
494 525 240
494 578 420
494 605 360
494 634 210
494 589 90
494 594 180
494 598 300
494 697 540
494 676 420
494 681 300
494 684 210
494 712 210
494 742 420
494 792 630
494 798 450
494 800 420
494 829 270
494 833 330
494 788 390
494 865 660
494 894 540
494 874 390
494 901 330
494 928 390
494 932 510
521 525 120
521 578 480
521 605 420
521 634 270
521 589 150
521 594 60
521 598 180
521 697 600
521 676 480
521 681 360
521 684 270
521 712 150
521 742 300
521 792 690
521 798 510
521 800 480
521 829 330
521 833 210
521 788 270
521 865 720
521 894 600
521 874 450
521 901 390
521 928 330
521 932 390
525 578 600
525 605 540
525 634 390
525 589 270
525 594 120
525 598 60
525 697 720
525 676 600
525 681 480
525 684 390
525 712 270
525 742 180
525 792 810
525 798 630
525 800 600
525 829 450
525 833 330
525 788 210
525 865 840
525 894 720
525 874 570
525 901 510
525 928 450
525 932 330
578 605 120
578 634 270
578 589 330
578 594 480
578 598 600
578 697 120
578 676 120
578 681 300
578 684 390
578 712 510
578 742 720
578 792 210
578 798 270
578 800 360
578 829 510
578 833 630
578 788 690
578 865 240
578 894 360
578 874 450
578 901 570
578 928 690
578 932 810
605 634 150
605 589 270
605 594 420
605 598 540
605 697 180
605 676 60
605 681 180
605 684 270
605 712 390
605 742 600
605 792 270
605 798 150
605 800 240
605 829 390
605 833 510
605 788 570
605 865 300
605 894 240
605 874 330
605 901 450
605 928 570
605 932 690
634 589 120
634 594 270
634 598 390
634 697 330
634 676 210
634 681 90
634 684 120
634 712 240
634 742 450
634 792 420
634 798 240
634 800 210
634 829 240
634 833 360
634 788 420
634 865 450
634 894 330
634 874 180
634 901 300
634 928 420
634 932 540
589 594 150
589 598 270
589 697 450
589 676 330
589 681 210
589 684 120
589 712 180
589 742 390
589 792 540
589 798 360
589 800 330
589 829 180
589 833 300
589 788 360
589 865 570
589 894 450
589 874 300
589 901 240
589 928 360
589 932 480
594 598 120
594 697 600
594 676 480
594 681 360
594 684 270
594 712 150
594 742 240
594 792 690
594 798 510
594 800 480
594 829 330
594 833 210
594 788 210
594 865 720
594 894 600
594 874 450
594 901 390
594 928 330
594 932 330
598 697 720
598 676 600
598 681 480
598 684 390
598 712 270
598 742 120
598 792 810
598 798 630
598 800 600
598 829 450
598 833 330
598 788 210
598 865 840
598 894 720
598 874 570
598 901 510
598 928 450
598 932 330
697 676 120
697 681 240
697 684 330
697 712 450
697 742 660
697 792 90
697 798 210
697 800 300
697 829 450
697 833 570
697 788 630
697 865 120
697 894 300
697 874 390
697 901 510
697 928 630
697 932 750
676 681 180
676 684 270
676 712 390
676 742 600
676 792 210
676 798 150
676 800 240
676 829 390
676 833 510
676 788 570
676 865 240
676 894 240
676 874 330
676 901 450
676 928 570
676 932 690
681 684 90
681 712 210
681 742 420
681 792 330
681 798 150
681 800 120
681 829 210
681 833 330
681 788 390
681 865 360
681 894 240
681 874 150
681 901 270
681 928 390
681 932 510
684 712 120
684 742 330
684 792 420
684 798 240
684 800 210
684 829 120
684 833 240
684 788 300
684 865 450
684 894 330
684 874 180
684 901 180
684 928 300
684 932 420
712 742 210
712 792 540
712 798 360
712 800 330
712 829 180
712 833 120
712 788 180
712 865 570
712 894 450
712 874 300
712 901 240
712 928 180
712 932 300
742 792 690
742 798 510
742 800 480
742 829 330
742 833 210
742 788 90
742 865 720
742 894 600
742 874 450
742 901 390
742 928 330
742 932 210
792 798 180
792 800 270
792 829 420
792 833 540
792 788 600
792 865 90
792 894 270
792 874 360
792 901 480
792 928 600
792 932 720
798 800 90
798 829 240
798 833 360
798 788 420
798 865 210
798 894 90
798 874 180
798 901 300
798 928 420
798 932 540
800 829 150
800 833 270
800 788 390
800 865 240
800 894 120
800 874 90
800 901 210
800 928 330
800 932 450
829 833 120
829 788 240
829 865 390
829 894 270
829 874 120
829 901 60
829 928 180
829 932 300
833 788 120
833 865 510
833 894 390
833 874 240
833 901 180
833 928 120
833 932 180
788 865 630
788 894 510
788 874 360
788 901 300
788 928 240
788 932 120
865 894 180
865 874 270
865 901 390
865 928 510
865 932 630
894 874 150
894 901 210
894 928 330
894 932 450
874 901 120
874 928 240
874 932 360
901 928 120
901 932 240
928 932 120