960
0 1 90
0 24 90
1 2 90
1 25 90
2 3 90
2 26 90
3 4 90
3 27 90
4 5 90
4 28 90
5 6 90
5 29 90
6 7 90
6 30 90
7 8 90
7 31 90
8 9 90
8 32 90
9 10 90
9 33 90
10 11 90
10 34 90
11 12 90
11 35 90
12 13 90
12 36 90
13 14 90
13 37 90
14 15 90
14 38 90
15 16 90
15 39 90
16 17 90
16 40 90
17 18 90
17 41 90
18 19 90
18 42 90
19 20 90
19 43 90
20 21 90
20 44 90
21 22 90
21 45 90
22 23 90
22 46 90
24 25 90
24 48 90
25 26 90
25 49 90
26 27 90
26 50 90
27 28 90
27 51 90
28 29 90
28 52 90
29 30 90
29 53 90
30 31 90
30 54 90
31 32 90
31 55 90
32 33 90
32 56 90
33 34 90
33 57 90
34 35 90
34 58 90
35 36 90
35 59 90
36 37 90
36 60 90
37 38 90
37 61 90
38 39 90
38 62 90
39 40 90
39 63 90
40 41 90
40 64 90
41 42 90
41 65 90
42 43 90
42 66 90
43 44 90
43 67 90
44 45 90
44 68 90
45 46 90
45 69 90
46 47 90
46 70 90
48 49 90
48 72 90
49 50 90
49 73 90
50 51 90
50 74 90
51 52 90
51 75 90
52 53 90
52 76 90
53 54 90
53 77 90
54 55 90
54 78 90
55 56 90
55 79 90
56 57 90
56 80 90
57 58 90
57 81 90
58 59 90
58 82 90
59 60 90
59 83 90
60 61 90
60 84 90
61 62 90
61 85 90
62 63 90
62 86 90
63 64 90
63 87 90
64 65 90
64 88 90
65 66 90
65 89 90
66 67 90
66 90 90
67 68 90
67 91 90
68 69 90
68 92 90
69 70 90
69 93 90
70 71 90
70 94 90
72 73 90
72 96 90
73 74 90
73 97 90
74 75 90
74 98 90
75 76 90
75 99 90
76 77 90
76 100 90
77 78 90
77 101 90
78 79 90
78 102 90
79 80 90
79 103 90
80 81 90
80 104 90
81 82 90
81 105 90
82 83 90
82 106 90
83 84 90
83 107 90
84 85 90
84 108 90
85 86 90
85 109 90
86 87 90
86 110 90
87 88 90
87 111 90
88 89 90
88 112 90
89 90 90
89 113 90
90 91 90
90 114 90
91 92 90
91 115 90
92 93 90
92 116 90
93 94 90
93 117 90
94 95 90
94 118 90
96 97 90
96 120 90
97 98 90
97 121 90
98 99 90
98 122 90
99 100 90
99 123 90
100 101 90
100 124 90
101 102 90
101 125 90
102 103 90
102 126 90
103 104 90
103 127 90
104 105 90
104 128 90
105 106 90
105 129 90
106 107 90
106 130 90
107 108 90
107 131 90
108 109 90
108 132 90
109 110 90
109 133 90
110 111 90
110 134 90
111 112 90
111 135 90
112 113 90
112 136 90
113 114 90
113 137 90
114 115 90
114 138 90
115 116 90
115 139 90
116 117 90
116 140 90
117 118 90
117 141 90
118 119 90
118 142 90
120 121 90
120 144 90
121 122 90
121 145 90
122 123 90
122 146 90
123 124 90
123 147 90
124 125 90
124 148 90
125 126 90
125 149 90
126 127 90
126 150 90
127 128 90
127 151 90
128 129 90
128 152 90
129 130 90
129 153 90
130 131 90
130 154 90
131 132 90
131 155 90
132 133 90
132 156 90
133 134 90
133 157 90
134 135 90
134 158 90
135 136 90
135 159 90
136 137 90
136 160 90
137 138 90
137 161 90
138 139 90
138 162 90
139 140 90
139 163 90
140 141 90
140 164 90
141 142 90
141 165 90
142 143 90
142 166 90
144 145 90
144 168 90
145 146 90
145 169 90
146 147 90
146 170 90
147 148 90
147 171 90
148 149 90
148 172 90
149 150 90
149 173 90
150 151 90
150 174 90
151 152 90
151 175 90
152 153 90
152 176 90
153 154 90
153 177 90
154 155 90
154 178 90
155 156 90
155 179 90
156 157 90
156 180 90
157 158 90
157 181 90
158 159 90
158 182 90
159 160 90
159 183 90
160 161 90
160 184 90
161 162 90
161 185 90
162 163 90
162 186 90
163 164 90
163 187 90
164 165 90
164 188 90
165 166 90
165 189 90
166 167 90
166 190 90
168 169 90
168 192 90
169 170 90
169 193 90
170 171 90
170 194 90
171 172 90
171 195 90
172 173 90
172 196 90
173 174 90
173 197 90
174 175 90
174 198 90
175 176 90
175 199 90
176 177 90
176 200 90
177 178 90
177 201 90
178 179 90
178 202 90
179 180 90
179 203 90
180 181 90
180 204 90
181 182 90
181 205 90
182 183 90
182 206 90
183 184 90
183 207 90
184 185 90
184 208 90
185 186 90
185 209 90
186 187 90
186 210 90
187 188 90
187 211 90
188 189 90
188 212 90
189 190 90
189 213 90
190 191 90
190 214 90
192 193 90
192 216 90
193 194 90
193 217 90
194 195 90
194 218 90
195 196 90
195 219 90
196 197 90
196 220 90
197 198 90
197 221 90
198 199 90
198 222 90
199 200 90
199 223 90
200 201 90
200 224 90
201 202 90
201 225 90
202 203 90
202 226 90
203 204 90
203 227 90
204 205 90
204 228 90
205 206 90
205 229 90
206 207 90
206 230 90
207 208 90
207 231 90
208 209 90
208 232 90
209 210 90
209 233 90
210 211 90
210 234 90
211 212 90
211 235 90
212 213 90
212 236 90
213 214 90
213 237 90
214 215 90
214 238 90
216 217 90
216 240 90
217 218 90
217 241 90
218 219 90
218 242 90
219 220 90
219 243 90
220 221 90
220 244 90
221 222 90
221 245 90
222 223 90
222 246 90
223 224 90
223 247 90
224 225 90
224 248 90
225 226 90
225 249 90
226 227 90
226 250 90
227 228 90
227 251 90
228 229 90
228 252 90
229 230 90
229 253 90
230 231 90
230 254 90
231 232 90
231 255 90
232 233 90
232 256 90
233 234 90
233 257 90
234 235 90
234 258 90
235 236 90
235 259 90
236 237 90
236 260 90
237 238 90
237 261 90
238 239 90
238 262 90
240 241 90
240 264 90
241 242 90
241 265 90
242 243 90
242 266 90
243 244 90
243 267 90
244 245 90
244 268 90
245 246 90
245 269 90
246 247 90
246 270 90
247 248 90
247 271 90
248 249 90
248 272 90
249 250 90
249 273 90
250 251 90
250 274 90
251 252 90
251 275 90
252 253 90
252 276 90
253 254 90
253 277 90
254 255 90
254 278 90
255 256 90
255 279 90
256 257 90
256 280 90
257 258 90
257 281 90
258 259 90
258 282 90
259 260 90
259 283 90
260 261 90
260 284 90
261 262 90
261 285 90
262 263 90
262 286 90
264 265 90
264 288 90
265 266 90
265 289 90
266 267 90
266 290 90
267 268 90
267 291 90
268 269 90
268 292 90
269 270 90
269 293 90
270 271 90
270 294 90
271 272 90
271 295 90
272 273 90
272 296 90
273 274 90
273 297 90
274 275 90
274 298 90
275 276 90
275 299 90
276 277 90
276 300 90
277 278 90
277 301 90
278 279 90
278 302 90
279 280 90
279 303 90
280 281 90
280 304 90
281 282 90
281 305 90
282 283 90
282 306 90
283 284 90
283 307 90
284 285 90
284 308 90
285 286 90
285 309 90
286 287 90
286 310 90
288 289 90
288 312 90
289 290 90
289 313 90
290 291 90
290 314 90
291 292 90
291 315 90
292 293 90
292 316 90
293 294 90
293 317 90
294 295 90
294 318 90
295 296 90
295 319 90
296 297 90
296 320 90
297 298 90
297 321 90
298 299 90
298 322 90
299 300 90
299 323 90
300 301 90
300 324 90
301 302 90
301 325 90
302 303 90
302 326 90
303 304 90
303 327 90
304 305 90
304 328 90
305 306 90
305 329 90
306 307 90
306 330 90
307 308 90
307 331 90
308 309 90
308 332 90
309 310 90
309 333 90
310 311 90
310 334 90
312 313 90
312 336 90
313 314 90
313 337 90
314 315 90
314 338 90
315 316 90
315 339 90
316 317 90
316 340 90
317 318 90
317 341 90
318 319 90
318 342 90
319 320 90
319 343 90
320 321 90
320 344 90
321 322 90
321 345 90
322 323 90
322 346 90
323 324 90
323 347 90
324 325 90
324 348 90
325 326 90
325 349 90
326 327 90
326 350 90
327 328 90
327 351 90
328 329 90
328 352 90
329 330 90
329 353 90
330 331 90
330 354 90
331 332 90
331 355 90
332 333 90
332 356 90
333 334 90
333 357 90
334 335 90
334 358 90
336 337 90
336 360 90
337 338 90
337 361 90
338 339 90
338 362 90
339 340 90
339 363 90
340 341 90
340 364 90
341 342 90
341 365 90
342 343 90
342 366 90
343 344 90
343 367 90
344 345 90
344 368 90
345 346 90
345 369 90
346 347 90
346 370 90
347 348 90
347 371 90
348 349 90
348 372 90
349 350 90
349 373 90
350 351 90
350 374 90
351 352 90
351 375 90
352 353 90
352 376 90
353 354 90
353 377 90
354 355 90
354 378 90
355 356 90
355 379 90
356 357 90
356 380 90
357 358 90
357 381 90
358 359 90
358 382 90
360 361 90
360 384 90
361 362 90
361 385 90
362 363 90
362 386 90
363 364 90
363 387 90
364 365 90
364 388 90
365 366 90
365 389 90
366 367 90
366 390 90
367 368 90
367 391 90
368 369 90
368 392 90
369 370 90
369 393 90
370 371 90
370 394 90
371 372 90
371 395 90
372 373 90
372 396 90
373 374 90
373 397 90
374 375 90
374 398 90
375 376 90
375 399 90
376 377 90
376 400 90
377 378 90
377 401 90
378 379 90
378 402 90
379 380 90
379 403 90
380 381 90
380 404 90
381 382 90
381 405 90
382 383 90
382 406 90
384 385 90
384 408 90
385 386 90
385 409 90
386 387 90
386 410 90
387 388 90
387 411 90
388 389 90
388 412 90
389 390 90
389 413 90
390 391 90
390 414 90
391 392 90
391 415 90
392 393 90
392 416 90
393 394 90
393 417 90
394 395 90
394 418 90
395 396 90
395 419 90
396 397 90
396 420 90
397 398 90
397 421 90
398 399 90
398 422 90
399 400 90
399 423 90
400 401 90
400 424 90
401 402 90
401 425 90
402 403 90
402 426 90
403 404 90
403 427 90
404 405 90
404 428 90
405 406 90
405 429 90
406 407 90
406 430 90
408 409 90
408 432 90
409 410 90
409 433 90
410 411 90
410 434 90
411 412 90
411 435 90
412 413 90
412 436 90
413 414 90
413 437 90
414 415 90
414 438 90
415 416 90
415 439 90
416 417 90
416 440 90
417 418 90
417 441 90
418 419 90
418 442 90
419 420 90
419 443 90
420 421 90
420 444 90
421 422 90
421 445 90
422 423 90
422 446 90
423 424 90
423 447 90
424 425 90
424 448 90
425 426 90
425 449 90
426 427 90
426 450 90
427 428 90
427 451 90
428 429 90
428 452 90
429 430 90
429 453 90
430 431 90
430 454 90
432 433 90
432 456 90
433 434 90
433 457 90
434 435 90
434 458 90
435 436 90
435 459 90
436 437 90
436 460 90
437 438 90
437 461 90
438 439 90
438 462 90
439 440 90
439 463 90
440 441 90
440 464 90
441 442 90
441 465 90
442 443 90
442 466 90
443 444 90
443 467 90
444 445 90
444 468 90
445 446 90
445 469 90
446 447 90
446 470 90
447 448 90
447 471 90
448 449 90
448 472 90
449 450 90
449 473 90
450 451 90
450 474 90
451 452 90
451 475 90
452 453 90
452 476 90
453 454 90
453 477 90
454 455 90
454 478 90
456 457 90
456 480 90
457 458 90
457 481 90
458 459 90
458 482 90
459 460 90
459 483 90
460 461 90
460 484 90
461 462 90
461 485 90
462 463 90
462 486 90
463 464 90
463 487 90
464 465 90
464 488 90
465 466 90
465 489 90
466 467 90
466 490 90
467 468 90
467 491 90
468 469 90
468 492 90
469 470 90
469 493 90
470 471 90
470 494 90
471 472 90
471 495 90
472 473 90
472 496 90
473 474 90
473 497 90
474 475 90
474 498 90
475 476 90
475 499 90
476 477 90
476 500 90
477 478 90
477 501 90
478 479 90
478 502 90
480 481 90
480 504 90
481 482 90
481 505 90
482 483 90
482 506 90
483 484 90
483 507 90
484 485 90
484 508 90
485 486 90
485 509 90
486 487 90
486 510 90
487 488 90
487 511 90
488 489 90
488 512 90
489 490 90
489 513 90
490 491 90
490 514 90
491 492 90
491 515 90
492 493 90
492 516 90
493 494 90
493 517 90
494 495 90
494 518 90
495 496 90
495 519 90
496 497 90
496 520 90
497 498 90
497 521 90
498 499 90
498 522 90
499 500 90
499 523 90
500 501 90
500 524 90
501 502 90
501 525 90
502 503 90
502 526 90
504 505 90
504 528 90
505 506 90
505 529 90
506 507 90
506 530 90
507 508 90
507 531 90
508 509 90
508 532 90
509 510 90
509 533 90
510 511 90
510 534 90
511 512 90
511 535 90
512 513 90
512 536 90
513 514 90
513 537 90
514 515 90
514 538 90
515 516 90
515 539 90
516 517 90
516 540 90
517 518 90
517 541 90
518 519 90
518 542 90
519 520 90
519 543 90
520 521 90
520 544 90
521 522 90
521 545 90
522 523 90
522 546 90
523 524 90
523 547 90
524 525 90
524 548 90
525 526 90
525 549 90
526 527 90
526 550 90
528 529 90
528 552 90
529 530 90
529 553 90
530 531 90
530 554 90
531 532 90
531 555 90
532 533 90
532 556 90
533 534 90
533 557 90
534 535 90
534 558 90
535 536 90
535 559 90
536 537 90
536 560 90
537 538 90
537 561 90
538 539 90
538 562 90
539 540 90
539 563 90
540 541 90
540 564 90
541 542 90
541 565 90
542 543 90
542 566 90
543 544 90
543 567 90
544 545 90
544 568 90
545 546 90
545 569 90
546 547 90
546 570 90
547 548 90
547 571 90
548 549 90
548 572 90
549 550 90
549 573 90
550 551 90
550 574 90
552 553 90
552 576 90
553 554 90
553 577 90
554 555 90
554 578 90
555 556 90
555 579 90
556 557 90
556 580 90
557 558 90
557 581 90
558 559 90
558 582 90
559 560 90
559 583 90
560 561 90
560 584 90
561 562 90
561 585 90
562 563 90
562 586 90
563 564 90
563 587 90
564 565 90
564 588 90
565 566 90
565 589 90
566 567 90
566 590 90
567 568 90
567 591 90
568 569 90
568 592 90
569 570 90
569 593 90
570 571 90
570 594 90
571 572 90
571 595 90
572 573 90
572 596 90
573 574 90
573 597 90
574 575 90
574 598 90
576 577 90
576 600 90
577 578 90
577 601 90
578 579 90
578 602 90
579 580 90
579 603 90
580 581 90
580 604 90
581 582 90
581 605 90
582 583 90
582 606 90
583 584 90
583 607 90
584 585 90
584 608 90
585 586 90
585 609 90
586 587 90
586 610 90
587 588 90
587 611 90
588 589 90
588 612 90
589 590 90
589 613 90
590 591 90
590 614 90
591 592 90
591 615 90
592 593 90
592 616 90
593 594 90
593 617 90
594 595 90
594 618 90
595 596 90
595 619 90
596 597 90
596 620 90
597 598 90
597 621 90
598 599 90
598 622 90
600 601 90
600 624 90
601 602 90
601 625 90
602 603 90
602 626 90
603 604 90
603 627 90
604 605 90
604 628 90
605 606 90
605 629 90
606 607 90
606 630 90
607 608 90
607 631 90
608 609 90
608 632 90
609 610 90
609 633 90
610 611 90
610 634 90
611 612 90
611 635 90
612 613 90
612 636 90
613 614 90
613 637 90
614 615 90
614 638 90
615 616 90
615 639 90
616 617 90
616 640 90
617 618 90
617 641 90
618 619 90
618 642 90
619 620 90
619 643 90
620 621 90
620 644 90
621 622 90
621 645 90
622 623 90
622 646 90
624 625 90
624 648 90
625 626 90
625 649 90
626 627 90
626 650 90
627 628 90
627 651 90
628 629 90
628 652 90
629 630 90
629 653 90
630 631 90
630 654 90
631 632 90
631 655 90
632 633 90
632 656 90
633 634 90
633 657 90
634 635 90
634 658 90
635 636 90
635 659 90
636 637 90
636 660 90
637 638 90
637 661 90
638 639 90
638 662 90
639 640 90
639 663 90
640 641 90
640 664 90
641 642 90
641 665 90
642 643 90
642 666 90
643 644 90
643 667 90
644 645 90
644 668 90
645 646 90
645 669 90
646 647 90
646 670 90
648 649 90
648 672 90
649 650 90
649 673 90
650 651 90
650 674 90
651 652 90
651 675 90
652 653 90
652 676 90
653 654 90
653 677 90
654 655 90
654 678 90
655 656 90
655 679 90
656 657 90
656 680 90
657 658 90
657 681 90
658 659 90
658 682 90
659 660 90
659 683 90
660 661 90
660 684 90
661 662 90
661 685 90
662 663 90
662 686 90
663 664 90
663 687 90
664 665 90
664 688 90
665 666 90
665 689 90
666 667 90
666 690 90
667 668 90
667 691 90
668 669 90
668 692 90
669 670 90
669 693 90
670 671 90
670 694 90
672 673 90
672 696 90
673 674 90
673 697 90
674 675 90
674 698 90
675 676 90
675 699 90
676 677 90
676 700 90
677 678 90
677 701 90
678 679 90
678 702 90
679 680 90
679 703 90
680 681 90
680 704 90
681 682 90
681 705 90
682 683 90
682 706 90
683 684 90
683 707 90
684 685 90
684 708 90
685 686 90
685 709 90
686 687 90
686 710 90
687 688 90
687 711 90
688 689 90
688 712 90
689 690 90
689 713 90
690 691 90
690 714 90
691 692 90
691 715 90
692 693 90
692 716 90
693 694 90
693 717 90
694 695 90
694 718 90
696 697 90
696 720 90
697 698 90
697 721 90
698 699 90
698 722 90
699 700 90
699 723 90
700 701 90
700 724 90
701 702 90
701 725 90
702 703 90
702 726 90
703 704 90
703 727 90
704 705 90
704 728 90
705 706 90
705 729 90
706 707 90
706 730 90
707 708 90
707 731 90
708 709 90
708 732 90
709 710 90
709 733 90
710 711 90
710 734 90
711 712 90
711 735 90
712 713 90
712 736 90
713 714 90
713 737 90
714 715 90
714 738 90
715 716 90
715 739 90
716 717 90
716 740 90
717 718 90
717 741 90
718 719 90
718 742 90
720 721 90
720 744 90
721 722 90
721 745 90
722 723 90
722 746 90
723 724 90
723 747 90
724 725 90
724 748 90
725 726 90
725 749 90
726 727 90
726 750 90
727 728 90
727 751 90
728 729 90
728 752 90
729 730 90
729 753 90
730 731 90
730 754 90
731 732 90
731 755 90
732 733 90
732 756 90
733 734 90
733 757 90
734 735 90
734 758 90
735 736 90
735 759 90
736 737 90
736 760 90
737 738 90
737 761 90
738 739 90
738 762 90
739 740 90
739 763 90
740 741 90
740 764 90
741 742 90
741 765 90
742 743 90
742 766 90
744 745 90
744 768 90
745 746 90
745 769 90
746 747 90
746 770 90
747 748 90
747 771 90
748 749 90
748 772 90
749 750 90
749 773 90
750 751 90
750 774 90
751 752 90
751 775 90
752 753 90
752 776 90
753 754 90
753 777 90
754 755 90
754 778 90
755 756 90
755 779 90
756 757 90
756 780 90
757 758 90
757 781 90
758 759 90
758 782 90
759 760 90
759 783 90
760 761 90
760 784 90
761 762 90
761 785 90
762 763 90
762 786 90
763 764 90
763 787 90
764 765 90
764 788 90
765 766 90
765 789 90
766 767 90
766 790 90
768 769 90
768 792 90
769 770 90
769 793 90
770 771 90
770 794 90
771 772 90
771 795 90
772 773 90
772 796 90
773 774 90
773 797 90
774 775 90
774 798 90
775 776 90
775 799 90
776 777 90
776 800 90
777 778 90
777 801 90
778 779 90
778 802 90
779 780 90
779 803 90
780 781 90
780 804 90
781 782 90
781 805 90
782 783 90
782 806 90
783 784 90
783 807 90
784 785 90
784 808 90
785 786 90
785 809 90
786 787 90
786 810 90
787 788 90
787 811 90
788 789 90
788 812 90
789 790 90
789 813 90
790 791 90
790 814 90
792 793 90
792 816 90
793 794 90
793 817 90
794 795 90
794 818 90
795 796 90
795 819 90
796 797 90
796 820 90
797 798 90
797 821 90
798 799 90
798 822 90
799 800 90
799 823 90
800 801 90
800 824 90
801 802 90
801 825 90
802 803 90
802 826 90
803 804 90
803 827 90
804 805 90
804 828 90
805 806 90
805 829 90
806 807 90
806 830 90
807 808 90
807 831 90
808 809 90
808 832 90
809 810 90
809 833 90
810 811 90
810 834 90
811 812 90
811 835 90
812 813 90
812 836 90
813 814 90
813 837 90
814 815 90
814 838 90
816 817 90
816 840 90
817 818 90
817 841 90
818 819 90
818 842 90
819 820 90
819 843 90
820 821 90
820 844 90
821 822 90
821 845 90
822 823 90
822 846 90
823 824 90
823 847 90
824 825 90
824 848 90
825 826 90
825 849 90
826 827 90
826 850 90
827 828 90
827 851 90
828 829 90
828 852 90
829 830 90
829 853 90
830 831 90
830 854 90
831 832 90
831 855 90
832 833 90
832 856 90
833 834 90
833 857 90
834 835 90
834 858 90
835 836 90
835 859 90
836 837 90
836 860 90
837 838 90
837 861 90
838 839 90
838 862 90
840 841 90
840 864 90
841 842 90
841 865 90
842 843 90
842 866 90
843 844 90
843 867 90
844 845 90
844 868 90
845 846 90
845 869 90
846 847 90
846 870 90
847 848 90
847 871 90
848 849 90
848 872 90
849 850 90
849 873 90
850 851 90
850 874 90
851 852 90
851 875 90
852 853 90
852 876 90
853 854 90
853 877 90
854 855 90
854 878 90
855 856 90
855 879 90
856 857 90
856 880 90
857 858 90
857 881 90
858 859 90
858 882 90
859 860 90
859 883 90
860 861 90
860 884 90
861 862 90
861 885 90
862 863 90
862 886 90
864 865 90
864 888 90
865 866 90
865 889 90
866 867 90
866 890 90
867 868 90
867 891 90
868 869 90
868 892 90
869 870 90
869 893 90
870 871 90
870 894 90
871 872 90
871 895 90
872 873 90
872 896 90
873 874 90
873 897 90
874 875 90
874 898 90
875 876 90
875 899 90
876 877 90
876 900 90
877 878 90
877 901 90
878 879 90
878 902 90
879 880 90
879 903 90
880 881 90
880 904 90
881 882 90
881 905 90
882 883 90
882 906 90
883 884 90
883 907 90
884 885 90
884 908 90
885 886 90
885 909 90
886 887 90
886 910 90
888 889 90
888 912 90
889 890 90
889 913 90
890 891 90
890 914 90
891 892 90
891 915 90
892 893 90
892 916 90
893 894 90
893 917 90
894 895 90
894 918 90
895 896 90
895 919 90
896 897 90
896 920 90
897 898 90
897 921 90
898 899 90
898 922 90
899 900 90
899 923 90
900 901 90
900 924 90
901 902 90
901 925 90
902 903 90
902 926 90
903 904 90
903 927 90
904 905 90
904 928 90
905 906 90
905 929 90
906 907 90
906 930 90
907 908 90
907 931 90
908 909 90
908 932 90
909 910 90
909 933 90
910 911 90
910 934 90
912 913 90
912 936 90
913 914 90
913 937 90
914 915 90
914 938 90
915 916 90
915 939 90
916 917 90
916 940 90
917 918 90
917 941 90
918 919 90
918 942 90
919 920 90
919 943 90
920 921 90
920 944 90
921 922 90
921 945 90
922 923 90
922 946 90
923 924 90
923 947 90
924 925 90
924 948 90
925 926 90
925 949 90
926 927 90
926 950 90
927 928 90
927 951 90
928 929 90
928 952 90
929 930 90
929 953 90
930 931 90
930 954 90
931 932 90
931 955 90
932 933 90
932 956 90
933 934 90
933 957 90
934 935 90
934 958 90
936 937 90
937 938 90
938 939 90
939 940 90
940 941 90
941 942 90
942 943 90
943 944 90
944 945 90
945 946 90
946 947 90
947 948 90
948 949 90
949 950 90
950 951 90
951 952 90
952 953 90
953 954 90
954 955 90
955 956 90
956 957 90
957 958 90
958 959 90
23 47 90
47 71 90
71 95 90
95 119 90
119 143 90
143 167 90
167 191 90
191 215 90
215 239 90
239 263 90
263 287 90
287 311 90
311 335 90
335 359 90
359 383 90
383 407 90
407 431 90
431 455 90
455 479 90
479 503 90
503 527 90
527 551 90
551 575 90
575 599 90
599 623 90
623 647 90
647 671 90
671 695 90
695 719 90
719 743 90
743 767 90
767 791 90
791 815 90
815 839 90
839 863 90
863 887 90
887 911 90
911 935 90
935 959 90