25 52 120
25 58 300
25 37 360
25 65 510
25 46 660
25 146 120
25 126 240
25 153 330
25 156 420
25 114 570
25 165 720
25 218 180
25 197 240
25 248 390
25 205 510
25 234 660
25 238 780
25 313 210
25 292 300
25 296 420
25 300 540
25 306 720
25 310 840
25 384 300
25 437 420
25 441 570
25 444 660
25 448 780
25 453 930
25 482 390
25 484 450
25 513 600
25 540 720
25 496 810
25 525 990
25 578 450
25 604 540
25 610 720
25 612 780
25 640 930
25 622 1080
25 674 510
25 676 570
25 728 750
25 709 870
25 690 1020
25 716 1080
25 768 600
25 774 720
25 802 870
25 780 900
25 834 1110
25 812 1170
25 890 690
25 893 780
25 896 870
25 878 1020
25 930 1200
25 934 1320
52 58 180
52 37 300
52 65 390
52 46 540
52 146 120
52 126 120
52 153 210
52 156 300
52 114 450
52 165 600
52 218 180
52 197 120
52 248 270
52 205 390
52 234 540
52 238 660
52 313 270
52 292 180
52 296 300
52 300 420
52 306 600
52 310 720
52 384 360
52 437 300
52 441 450
52 444 540
52 448 660
52 453 810
52 482 390
52 484 330
52 513 480
52 540 600
52 496 690
52 525 870
52 578 450
52 604 420
52 610 600
52 612 660
52 640 810
52 622 960
52 674 510
52 676 450
52 728 630
52 709 750
52 690 900
52 716 960
52 768 660
52 774 600
52 802 750
52 780 780
52 834 990
52 812 1050
52 890 690
52 893 660
52 896 750
52 878 900
52 930 1080
52 934 1200
58 37 120
58 65 210
58 46 360
58 146 300
58 126 180
58 153 90
58 156 120
58 114 270
58 165 420
58 218 360
58 197 240
58 248 210
58 205 210
58 234 360
58 238 480
58 313 450
58 292 360
58 296 240
58 300 240
58 306 420
58 310 540
58 384 540
58 437 420
58 441 330
58 444 360
58 448 480
58 453 630
58 482 570
58 484 510
58 513 360
58 540 420
58 496 510
58 525 690
58 578 630
58 604 600
58 610 420
58 612 480
58 640 630
58 622 780
58 674 690
58 676 630
58 728 570
58 709 570
58 690 720
58 716 780
58 768 840
58 774 660
58 802 570
58 780 600
58 834 810
58 812 870
58 890 870
58 893 780
58 896 690
58 878 720
58 930 900
58 934 1020
37 65 150
37 46 300
37 146 420
37 126 300
37 153 210
37 156 120
37 114 210
37 165 360
37 218 480
37 197 360
37 248 330
37 205 150
37 234 300
37 238 420
37 313 570
37 292 480
37 296 360
37 300 240
37 306 360
37 310 480
37 384 660
37 437 540
37 441 450
37 444 360
37 448 420
37 453 570
37 482 690
37 484 630
37 513 480
37 540 420
37 496 450
37 525 630
37 578 750
37 604 720
37 610 540
37 612 480
37 640 570
37 622 720
37 674 810
37 676 750
37 728 690
37 709 510
37 690 660
37 716 720
37 768 960
37 774 780
37 802 690
37 780 600
37 834 750
37 812 810
37 890 990
37 893 900
37 896 810
37 878 660
37 930 840
37 934 960
65 46 150
65 146 510
65 126 390
65 153 300
65 156 210
65 114 60
65 165 210
65 218 570
65 197 450
65 248 420
65 205 240
65 234 150
65 238 270
65 313 660
65 292 570
65 296 450
65 300 330
65 306 210
65 310 330
65 384 750
65 437 630
65 441 540
65 444 450
65 448 330
65 453 420
65 482 780
65 484 720
65 513 570
65 540 510
65 496 360
65 525 480
65 578 840
65 604 810
65 610 630
65 612 570
65 640 480
65 622 570
65 674 900
65 676 840
65 728 780
65 709 600
65 690 510
65 716 570
65 768 1050
65 774 870
65 802 780
65 780 690
65 834 600
65 812 660
65 890 1080
65 893 990
65 896 900
65 878 690
65 930 690
65 934 810
46 146 660
46 126 540
46 153 450
46 156 360
46 114 150
46 165 120
46 218 720
46 197 600
46 248 570
46 205 390
46 234 240
46 238 120
46 313 810
46 292 720
46 296 600
46 300 480
46 306 300
46 310 180
46 384 900
46 437 780
46 441 690
46 444 600
46 448 480
46 453 330
46 482 930
46 484 870
46 513 720
46 540 660
46 496 510
46 525 390
46 578 990
46 604 960
46 610 780
46 612 720
46 640 630
46 622 420
46 674 1050
46 676 990
46 728 930
46 709 750
46 690 600
46 716 540
46 768 1200
46 774 1020
46 802 930
46 780 840
46 834 690
46 812 630
46 890 1230
46 893 1140
46 896 1050
46 878 840
46 930 780
46 934 660
146 126 120
146 153 210
146 156 300
146 114 510
146 165 600
146 218 60
146 197 120
146 248 270
146 205 390
146 234 540
146 238 660
146 313 150
146 292 180
146 296 300
146 300 420
146 306 600
146 310 720
146 384 240
146 437 300
146 441 450
146 444 540
146 448 660
146 453 810
146 482 270
146 484 330
146 513 480
146 540 600
146 496 690
146 525 870
146 578 330
146 604 420
146 610 600
146 612 660
146 640 810
146 622 960
146 674 390
146 676 450
146 728 630
146 709 750
146 690 900
146 716 960
146 768 540
146 774 600
146 802 750
146 780 780
146 834 990
146 812 1050
146 890 570
146 893 660
146 896 750
146 878 900
146 930 1080
146 934 1200
126 153 90
126 156 180
126 114 390
126 165 480
126 218 180
126 197 60
126 248 150
126 205 270
126 234 420
126 238 540
126 313 270
126 292 180
126 296 180
126 300 300
126 306 480
126 310 600
126 384 360
126 437 240
126 441 330
126 444 420
126 448 540
126 453 690
126 482 390
126 484 330
126 513 360
126 540 480
126 496 570
126 525 750
126 578 450
126 604 420
126 610 480
126 612 540
126 640 690
126 622 840
126 674 510
126 676 450
126 728 510
126 709 630
126 690 780
126 716 840
126 768 660
126 774 480
126 802 630
126 780 660
126 834 870
126 812 930
126 890 690
126 893 600
126 896 630
126 878 780
126 930 960
126 934 1080
153 156 90
153 114 300
153 165 390
153 218 270
153 197 150
153 248 120
153 205 180
153 234 330
153 238 450
153 313 360
153 292 270
153 296 150
153 300 210
153 306 390
153 310 510
153 384 450
153 437 330
153 441 240
153 444 330
153 448 450
153 453 600
153 482 480
153 484 420
153 513 270
153 540 390
153 496 480
153 525 660
153 578 540
153 604 510
153 610 390
153 612 450
153 640 600
153 622 750
153 674 600
153 676 540
153 728 480
153 709 540
153 690 690
153 716 750
153 768 750
153 774 570
153 802 540
153 780 570
153 834 780
153 812 840
153 890 780
153 893 690
153 896 600
153 878 690
153 930 870
153 934 990
156 114 210
156 165 300
156 218 360
156 197 240
156 248 210
156 205 90
156 234 240
156 238 360
156 313 450
156 292 360
156 296 240
156 300 120
156 306 300
156 310 420
156 384 540
156 437 420
156 441 330
156 444 240
156 448 360
156 453 510
156 482 570
156 484 510
156 513 360
156 540 300
156 496 390
156 525 570
156 578 630
156 604 600
156 610 420
156 612 360
156 640 510
156 622 660
156 674 690
156 676 630
156 728 570
156 709 450
156 690 600
156 716 660
156 768 840
156 774 660
156 802 570
156 780 480
156 834 690
156 812 750
156 890 870
156 893 780
156 896 690
156 878 600
156 930 780
156 934 900
114 165 150
114 218 570
114 197 450
114 248 420
114 205 240
114 234 90
114 238 210
114 313 660
114 292 570
114 296 450
114 300 330
114 306 150
114 310 270
114 384 750
114 437 630
114 441 540
114 444 450
114 448 330
114 453 360
114 482 780
114 484 720
114 513 570
114 540 510
114 496 360
114 525 420
114 578 840
114 604 810
114 610 630
114 612 570
114 640 480
114 622 510
114 674 900
114 676 840
114 728 780
114 709 600
114 690 450
114 716 510
114 768 1050
114 774 870
114 802 780
114 780 690
114 834 540
114 812 600
114 890 1080
114 893 990
114 896 900
114 878 690
114 930 630
114 934 750
165 218 600
165 197 480
165 248 450
165 205 270
165 234 120
165 238 60
165 313 690
165 292 600
165 296 480
165 300 360
165 306 180
165 310 120
165 384 780
165 437 660
165 441 570
165 444 480
165 448 360
165 453 210
165 482 810
165 484 750
165 513 600
165 540 540
165 496 390
165 525 270
165 578 870
165 604 840
165 610 660
165 612 600
165 640 510
165 622 360
165 674 930
165 676 870
165 728 810
165 709 630
165 690 480
165 716 420
165 768 1080
165 774 900
165 802 810
165 780 720
165 834 570
165 812 510
165 890 1110
165 893 1020
165 896 930
165 878 720
165 930 660
165 934 600
218 197 120
218 248 210
218 205 330
218 234 480
218 238 600
218 313 90
218 292 120
218 296 240
218 300 360
218 306 540
218 310 660
218 384 180
218 437 240
218 441 390
218 444 480
218 448 600
218 453 750
218 482 210
218 484 270
218 513 420
218 540 540
218 496 630
218 525 810
218 578 270
218 604 360
218 610 540
218 612 600
218 640 750
218 622 900
218 674 330
218 676 390
218 728 570
218 709 690
218 690 840
218 716 900
218 768 480
218 774 540
218 802 690
218 780 720
218 834 930
218 812 990
218 890 510
218 893 600
218 896 690
218 878 840
218 930 1020
218 934 1140
197 248 150
197 205 270
197 234 420
197 238 540
197 313 210
197 292 120
197 296 180
197 300 300
197 306 480
197 310 600
197 384 300
197 437 180
197 441 330
197 444 420
197 448 540
197 453 690
197 482 330
197 484 270
197 513 360
197 540 480
197 496 570
197 525 750
197 578 390
197 604 360
197 610 480
197 612 540
197 640 690
197 622 840
197 674 450
197 676 390
197 728 510
197 709 630
197 690 780
197 716 840
197 768 600
197 774 480
197 802 630
197 780 660
197 834 870
197 812 930
197 890 630
197 893 540
197 896 630
197 878 780
197 930 960
197 934 1080
248 205 180
248 234 330
248 238 450
248 313 240
248 292 150
248 296 30
248 300 150
248 306 330
248 310 450
248 384 330
248 437 210
248 441 180
248 444 270
248 448 390
248 453 540
248 482 360
248 484 300
248 513 210
248 540 330
248 496 420
248 525 600
248 578 420
248 604 390
248 610 330
248 612 390
248 640 540
248 622 690
248 674 480
248 676 420
248 728 360
248 709 480
248 690 630
248 716 690
248 768 630
248 774 450
248 802 480
248 780 510
248 834 720
248 812 780
248 890 660
248 893 570
248 896 480
248 878 630
248 930 810
248 934 930
205 234 150
205 238 270
205 313 420
205 292 330
205 296 210
205 300 90
205 306 210
205 310 330
205 384 510
205 437 390
205 441 300
205 444 210
205 448 270
205 453 420
205 482 540
205 484 480
205 513 330
205 540 270
205 496 300
205 525 480
205 578 600
205 604 570
205 610 390
205 612 330
205 640 420
205 622 570
205 674 660
205 676 600
205 728 540
205 709 360
205 690 510
205 716 570
205 768 810
205 774 630
205 802 540
205 780 450
205 834 600
205 812 660
205 890 840
205 893 750
205 896 660
205 878 510
205 930 690
205 934 810
234 238 120
234 313 570
234 292 480
234 296 360
234 300 240
234 306 60
234 310 180
234 384 660
234 437 540
234 441 450
234 444 360
234 448 240
234 453 270
234 482 690
234 484 630
234 513 480
234 540 420
234 496 270
234 525 330
234 578 750
234 604 720
234 610 540
234 612 480
234 640 390
234 622 420
234 674 810
234 676 750
234 728 690
234 709 510
234 690 360
234 716 420
234 768 960
234 774 780
234 802 690
234 780 600
234 834 450
234 812 510
234 890 990
234 893 900
234 896 810
234 878 600
234 930 540
234 934 660
238 313 690
238 292 600
238 296 480
238 300 360
238 306 180
238 310 60
238 384 780
238 437 660
238 441 570
238 444 480
238 448 360
238 453 210
238 482 810
238 484 750
238 513 600
238 540 540
238 496 390
238 525 270
238 578 870
238 604 840
238 610 660
238 612 600
238 640 510
238 622 300
238 674 930
238 676 870
238 728 810
238 709 630
238 690 480
238 716 420
238 768 1080
238 774 900
238 802 810
238 780 720
238 834 570
238 812 510
238 890 1110
238 893 1020
238 896 930
238 878 720
238 930 660
238 934 540
313 292 90
313 296 210
313 300 330
313 306 510
313 310 630
313 384 90
313 437 210
313 441 360
313 444 450
313 448 570
313 453 720
313 482 180
313 484 240
313 513 390
313 540 510
313 496 600
313 525 780
313 578 240
313 604 330
313 610 510
313 612 570
313 640 720
313 622 870
313 674 300
313 676 360
313 728 540
313 709 660
313 690 810
313 716 870
313 768 390
313 774 510
313 802 660
313 780 690
313 834 900
313 812 960
313 890 480
313 893 570
313 896 660
313 878 810
313 930 990
313 934 1110
292 296 120
292 300 240
292 306 420
292 310 540
292 384 180
292 437 120
292 441 270
292 444 360
292 448 480
292 453 630
292 482 210
292 484 150
292 513 300
292 540 420
292 496 510
292 525 690
292 578 270
292 604 240
292 610 420
292 612 480
292 640 630
292 622 780
292 674 330
292 676 270
292 728 450
292 709 570
292 690 720
292 716 780
292 768 480
292 774 420
292 802 570
292 780 600
292 834 810
292 812 870
292 890 510
292 893 480
292 896 570
292 878 720
292 930 900
292 934 1020
296 300 120
296 306 300
296 310 420
296 384 300
296 437 180
296 441 150
296 444 240
296 448 360
296 453 510
296 482 330
296 484 270
296 513 180
296 540 300
296 496 390
296 525 570
296 578 390
296 604 360
296 610 300
296 612 360
296 640 510
296 622 660
296 674 450
296 676 390
296 728 330
296 709 450
296 690 600
296 716 660
296 768 600
296 774 420
296 802 450
296 780 480
296 834 690
296 812 750
296 890 630
296 893 540
296 896 450
296 878 600
296 930 780
296 934 900
300 306 180
300 310 300
300 384 420
300 437 300
300 441 210
300 444 120
300 448 240
300 453 390
300 482 450
300 484 390
300 513 240
300 540 180
300 496 270
300 525 450
300 578 510
300 604 480
300 610 300
300 612 240
300 640 390
300 622 540
300 674 570
300 676 510
300 728 450
300 709 330
300 690 480
300 716 540
300 768 720
300 774 540
300 802 450
300 780 360
300 834 570
300 812 630
300 890 750
300 893 660
300 896 570
300 878 480
300 930 660
300 934 780
306 310 120
306 384 600
306 437 480
306 441 390
306 444 300
306 448 180
306 453 210
306 482 630
306 484 570
306 513 420
306 540 360
306 496 210
306 525 270
306 578 690
306 604 660
306 610 480
306 612 420
306 640 330
306 622 360
306 674 750
306 676 690
306 728 630
306 709 450
306 690 300
306 716 360
306 768 900
306 774 720
306 802 630
306 780 540
306 834 390
306 812 450
306 890 930
306 893 840
306 896 750
306 878 540
306 930 480
306 934 600
310 384 720
310 437 600
310 441 510
310 444 420
310 448 300
310 453 150
310 482 750
310 484 690
310 513 540
310 540 480
310 496 330
310 525 210
310 578 810
310 604 780
310 610 600
310 612 540
310 640 450
310 622 240
310 674 870
310 676 810
310 728 750
310 709 570
310 690 420
310 716 360
310 768 1020
310 774 840
310 802 750
310 780 660
310 834 510
310 812 450
310 890 1050
310 893 960
310 896 870
310 878 660
310 930 600
310 934 480
384 437 180
384 441 330
384 444 420
384 448 540
384 453 690
384 482 150
384 484 210
384 513 360
384 540 480
384 496 570
384 525 750
384 578 210
384 604 300
384 610 480
384 612 540
384 640 690
384 622 840
384 674 270
384 676 330
384 728 510
384 709 630
384 690 780
384 716 840
384 768 300
384 774 480
384 802 630
384 780 660
384 834 870
384 812 930
384 890 450
384 893 540
384 896 630
384 878 780
384 930 960
384 934 1080
437 441 150
437 444 240
437 448 360
437 453 510
437 482 150
437 484 90
437 513 180
437 540 300
437 496 390
437 525 570
437 578 210
437 604 180
437 610 300
437 612 360
437 640 510
437 622 660
437 674 270
437 676 210
437 728 330
437 709 450
437 690 600
437 716 660
437 768 420
437 774 300
437 802 450
437 780 480
437 834 690
437 812 750
437 890 450
437 893 360
437 896 450
437 878 600
437 930 780
437 934 900
441 444 90
441 448 210
441 453 360
441 482 240
441 484 180
441 513 30
441 540 150
441 496 240
441 525 420
441 578 300
441 604 270
441 610 150
441 612 210
441 640 360
441 622 510
441 674 360
441 676 300
441 728 240
441 709 300
441 690 450
441 716 510
441 768 510
441 774 330
441 802 300
441 780 330
441 834 540
441 812 600
441 890 540
441 893 450
441 896 360
441 878 450
441 930 630
441 934 750
444 448 120
444 453 270
444 482 330
444 484 270
444 513 120
444 540 60
444 496 150
444 525 330
444 578 390
444 604 360
444 610 180
444 612 120
444 640 270
444 622 420
444 674 450
444 676 390
444 728 330
444 709 210
444 690 360
444 716 420
444 768 600
444 774 420
444 802 330
444 780 240
444 834 450
444 812 510
444 890 630
444 893 540
444 896 450
444 878 360
444 930 540
444 934 660
448 453 150
448 482 450
448 484 390
448 513 240
448 540 180
448 496 30
448 525 210
448 578 510
448 604 480
448 610 300
448 612 240
448 640 150
448 622 300
448 674 570
448 676 510
448 728 450
448 709 270
448 690 240
448 716 300
448 768 720
448 774 540
448 802 450
448 780 360
448 834 330
448 812 390
448 890 750
448 893 660
448 896 570
448 878 360
448 930 420
448 934 540
453 482 600
453 484 540
453 513 390
453 540 330
453 496 180
453 525 60
453 578 660
453 604 630
453 610 450
453 612 390
453 640 300
453 622 150
453 674 720
453 676 660
453 728 600
453 709 420
453 690 270
453 716 210
453 768 870
453 774 690
453 802 600
453 780 510
453 834 360
453 812 300
453 890 900
453 893 810
453 896 720
453 878 510
453 930 450
453 934 390
482 484 60
482 513 210
482 540 330
482 496 420
482 525 600
482 578 60
482 604 150
482 610 330
482 612 390
482 640 540
482 622 690
482 674 120
482 676 180
482 728 360
482 709 480
482 690 630
482 716 690
482 768 270
482 774 330
482 802 480
482 780 510
482 834 720
482 812 780
482 890 300
482 893 390
482 896 480
482 878 630
482 930 810
482 934 930
484 513 150
484 540 270
484 496 360
484 525 540
484 578 120
484 604 90
484 610 270
484 612 330
484 640 480
484 622 630
484 674 180
484 676 120
484 728 300
484 709 420
484 690 570
484 716 630
484 768 330
484 774 270
484 802 420
484 780 450
484 834 660
484 812 720
484 890 360
484 893 330
484 896 420
484 878 570
484 930 750
484 934 870
513 540 120
513 496 210
513 525 390
513 578 270
513 604 240
513 610 120
513 612 180
513 640 330
513 622 480
513 674 330
513 676 270
513 728 210
513 709 270
513 690 420
513 716 480
513 768 480
513 774 300
513 802 270
513 780 300
513 834 510
513 812 570
513 890 510
513 893 420
513 896 330
513 878 420
513 930 600
513 934 720
540 496 150
540 525 270
540 578 330
540 604 300
540 610 120
540 612 60
540 640 210
540 622 360
540 674 390
540 676 330
540 728 270
540 709 150
540 690 300
540 716 360
540 768 540
540 774 360
540 802 270
540 780 180
540 834 390
540 812 450
540 890 570
540 893 480
540 896 390
540 878 300
540 930 480
540 934 600
496 525 180
496 578 480
496 604 450
496 610 270
496 612 210
496 640 120
496 622 270
496 674 540
496 676 480
496 728 420
496 709 240
496 690 210
496 716 270
496 768 690
496 774 510
496 802 420
496 780 330
496 834 300
496 812 360
496 890 720
496 893 630
496 896 540
496 878 330
496 930 390
496 934 510
525 578 600
525 604 570
525 610 390
525 612 330
525 640 240
525 622 90
525 674 660
525 676 600
525 728 540
525 709 360
525 690 210
525 716 150
525 768 810
525 774 630
525 802 540
525 780 450
525 834 300
525 812 240
525 890 840
525 893 750
525 896 660
525 878 450
525 930 390
525 934 330
578 604 90
578 610 270
578 612 330
578 640 480
578 622 630
578 674 60
578 676 120
578 728 300
578 709 420
578 690 570
578 716 630
578 768 210
578 774 270
578 802 420
578 780 450
578 834 660
578 812 720
578 890 240
578 893 330
578 896 420
578 878 570
578 930 750
578 934 870
604 610 180
604 612 240
604 640 390
604 622 540
604 674 90
604 676 30
604 728 210
604 709 330
604 690 480
604 716 540
604 768 240
604 774 180
604 802 330
604 780 360
604 834 570
604 812 630
604 890 270
604 893 240
604 896 330
604 878 480
604 930 660
604 934 780
610 612 60
610 640 210
610 622 360
610 674 270
610 676 210
610 728 150
610 709 150
610 690 300
610 716 360
610 768 420
610 774 240
610 802 150
610 780 180
610 834 390
610 812 450
610 890 450
610 893 360
610 896 270
610 878 300
610 930 480
610 934 600
612 640 150
612 622 300
612 674 330
612 676 270
612 728 210
612 709 90
612 690 240
612 716 300
612 768 480
612 774 300
612 802 210
612 780 120
612 834 330
612 812 390
612 890 510
612 893 420
612 896 330
612 878 240
612 930 420
612 934 540
640 622 210
640 674 420
640 676 360
640 728 300
640 709 120
640 690 90
640 716 150
640 768 570
640 774 390
640 802 300
640 780 210
640 834 180
640 812 240
640 890 600
640 893 510
640 896 420
640 878 210
640 930 270
640 934 390
622 674 630
622 676 570
622 728 510
622 709 330
622 690 180
622 716 120
622 768 780
622 774 600
622 802 510
622 780 420
622 834 270
622 812 210
622 890 810
622 893 720
622 896 630
622 878 420
622 930 360
622 934 240
674 676 60
674 728 240
674 709 360
674 690 510
674 716 570
674 768 150
674 774 210
674 802 360
674 780 390
674 834 600
674 812 660
674 890 180
674 893 270
674 896 360
674 878 510
674 930 690
674 934 810
676 728 180
676 709 300
676 690 450
676 716 510
676 768 210
676 774 150
676 802 300
676 780 330
676 834 540
676 812 600
676 890 240
676 893 210
676 896 300
676 878 450
676 930 630
676 934 750
728 709 180
728 690 330
728 716 390
728 768 270
728 774 90
728 802 120
728 780 150
728 834 360
728 812 420
728 890 300
728 893 210
728 896 120
728 878 270
728 930 450
728 934 570
709 690 150
709 716 210
709 768 450
709 774 270
709 802 180
709 780 90
709 834 240
709 812 300
709 890 480
709 893 390
709 896 300
709 878 150
709 930 330
709 934 450
690 716 60
690 768 600
690 774 420
690 802 330
690 780 240
690 834 90
690 812 150
690 890 630
690 893 540
690 896 450
690 878 240
690 930 180
690 934 300
716 768 660
716 774 480
716 802 390
716 780 300
716 834 150
716 812 90
716 890 690
716 893 600
716 896 510
716 878 300
716 930 240
716 934 240
768 774 180
768 802 330
768 780 360
768 834 570
768 812 630
768 890 150
768 893 240
768 896 330
768 878 480
768 930 660
768 934 780
774 802 150
774 780 180
774 834 390
774 812 450
774 890 210
774 893 120
774 896 150
774 878 300
774 930 480
774 934 600
802 780 90
802 834 240
802 812 300
802 890 300
802 893 210
802 896 120
802 878 150
802 930 330
802 934 450
780 834 210
780 812 270
780 890 390
780 893 300
780 896 210
780 878 120
780 930 300
780 934 420
834 812 60
834 890 540
834 893 450
834 896 360
834 878 150
834 930 90
834 934 210
812 890 600
812 893 510
812 896 420
812 878 210
812 930 150
812 934 150
890 893 90
890 896 180
890 878 390
890 930 510
890 934 630
893 896 90
893 878 300
893 930 420
893 934 540
896 878 210
896 930 330
896 934 450
878 930 180
878 934 300
930 934 120